12894792, 92774113, 59529208, 22962224, 02991600, 83340521, 87365045, 
40818286, 16400628, 39475245, 55933381, 76940287, 61366748, 95631228, 
17102313, 50682833, 61562613, 87002524, 83062019, 51743442, 61977890, 
32010762, 69680621, 87179571, 81761697, 32364296, 07833271, 36198035, 
26588918, 84046668, 43059468, 73191775, 56794101, 00454780, 11141030, 
10008994, 35072237, 44945158, 53959980, 75758119, 18560273, 35801494, 
42102550, 22496415, 03981786, 34593672, 13074905, 07733442, 42374678, 
23452507, 98586743, 30771281, 17703080, 52123562, 05898131, 56698981, 
90758589, 18238802, 18217979, 04511837, 75682969, 31135682, 55379006, 
42224598, 98263070, 40228312, 28924663, 11580163, 25686441, 45944028, 
96731602, 53675990, 03854194, 14858183, 16866794, 40677007, 73141512, 
32317341, 56641725, 43123040, 15201174, 62389950, 72887083, 76860787, 
61046319, 06923746, 17874548, 46028629, 10577743, 48747364, 05328780, 
59855415, 60965266, 20592606, 14471207, 70896866, 46938647, 33575820, 
53426294, 56093931, 51326542, 94050481, 80114017, 33010503, 72971538, 
22407422, 17305672, 78974338, 93209260, 83461794, 41247821, 26118061, 
10657376, 42198057, 15338224, 50284714, 32232841, 26716521, 76048344, 
23676625, 62897700, 69296551, 59653393, 38704390, 48481614, 69782897, 
26850668, 37471053, 88720989, 51010849, 94951571, 60024611, 29808329, 
70377786, 13899299, 09683688, 58218284, 46792829, 97221709, 45286643, 
48158629, 57367208, 26903401, 76900414, 87927040, 09926730, 01508757, 
15101101, 62491840, 43802529, 