13404901, 39952424, 47847739, 94939581, 13809950, 70966043, 11161555, 
17102313, 47079425, 50682833, 74154313, 61562613, 93200452, 37103342, 
18479435, 32502597, 36198035, 54210010, 73191775, 48358178, 85544503, 
05996766, 54651623, 52113220, 27465181, 23871783, 22496415, 54107041, 
65899605, 56528700, 82671109, 61176034, 42374678, 51612628, 63329997, 
56591652, 04552733, 12789324, 89586343, 51935014, 38611966, 43916409, 
70996050, 98263070, 01418023, 65345049, 21734275, 76846198, 71506230, 
00833171, 67128139, 41367555, 64769510, 44010700, 16475199, 93164325, 
09386162, 95324041, 80688223, 67629139, 79552617, 76219736, 50368644, 
45096021, 54972488, 63779011, 28862942, 73145521, 74078605, 66924991, 
12806850, 02171001, 70896866, 73434467, 08487641, 44415025, 32500082, 
84412833, 83896188, 52243759, 49191410, 38744339, 48079796, 44937032, 
06267501, 81866886, 38575984, 25978688, 78974338, 41247821, 12356966, 
64842303, 79127158, 02366944, 68000570, 12426275, 96409230, 00705972, 
08266503, 83820884, 08831807, 43273308, 23216105, 29196547, 95160161, 
05553537, 52182214, 32641346, 91553427, 24436506, 77433749, 01979664, 
52028151, 88985343, 01761499, 76203088, 63237368, 23405334, 59788467, 
09683688, 67755443, 29946533, 12053603, 00437479, 15200030, 45286643, 
93537527, 82465821, 57367208, 53899751, 15354933, 97760830, 68933762, 
80220545, 01892750, 39868288, 21524323, 69716610, 65083815, 78048499, 
03227391, 83340521, 87365045, 71720254, 51031183, 89168555, 08503028, 
37086236, 25103057, 87002524, 22808816, 80928090, 90741678, 15993372, 
99117082, 49938176, 21755083, 86903426, 87830263, 53959980, 75758119, 
59781354, 58679691, 25666982, 56307643, 47180521, 62776522, 78136608, 
44882734, 90758589, 08075999, 66303819, 23480347, 11580163, 87080118, 
18329165, 92514163, 89404632, 92377859, 03912329, 17499963, 59699979, 
79876366, 63894807, 37857001, 86003935, 90087123, 29433345, 80298948, 
61531153, 61046319, 37839841, 19421134, 48747364, 35196916, 62484573, 
59907079, 36845702, 21631642, 72739317, 26283700, 80114017, 76639390, 
29154110, 35159758, 47788699, 11818851, 56520669, 36396767, 36031167, 
83817428, 10657376, 90076467, 14676452, 11024560, 16327605, 76048344, 
14444084, 95452011, 99612346, 65172562, 84813675, 88618282, 38704390, 
27998014, 63859011, 33787505, 60024611, 16229880, 13899299, 35240335, 
29173227, 45036451, 66177893, 82658333, 43100730, 44520187, 74290047, 
85013538, 09926730, 27724594, 95148523, 20503000, 64390907, 26006953, 
98116293, 97457666, 29017396, 04634371, 70791589, 